57	8	0.225142155117	0.36116994057	2.24975728992
57	9	0.2218084632	0.336956731425	1.93313254356
57	2	0.224347050132	0.321589698799	1.61398317608
57	3	0.219725434266	0.271933403283	0.884790109904
57	0	0.223954815161	0.32832320559	1.73529442928
57	1	0.222336288442	0.345643118798	2.065158865
57	6	0.222721173999	0.303517421988	1.35085074367
57	7	0.224983708867	0.315651548844	1.50059855568
57	4	0.223235936579	0.266677042803	0.724615326788
57	5	0.221680743928	0.30482392183	1.39661401141
96	6	0.206671966767	0.254798201572	0.867150239669
55	4	0.150346121715	0.155134588925	0.11860487975
55	5	0.154088419105	0.172532848555	0.4457520755
55	6	0.166829883773	0.202348604879	0.792832758156
55	7	0.174125097687	0.210278659497	0.773192546064
55	0	0.187372477023	0.233424783445	0.915256658899
55	1	0.163772031781	0.184611809086	0.47386146446
55	2	0.163247444062	0.188217306247	0.569597282082
55	3	0.165065050832	0.16799603393	0.066123557571
69	4	0.0413519491455	0.0418552141613	0.045320461582
55	8	0.170655757957	0.189680134786	0.415133119294
55	9	0.170857616064	0.168073642692	-0.0606776405708
88	7	0.031338768224	0.0302799326944	-0.125816558749
72	8	0.119760750851	0.127170450844	0.230400903634
77	2	0.222917055276	0.313928805014	1.5202833371
97	1	0.223692678761	0.321793479638	1.63298952019
78	9	0.228127468748	0.364007756892	2.21724361503
89	4	0.0403800992393	0.0397653979426	-0.0566878719764
72	9	0.122584147476	0.124992355522	0.0731573139193
71	8	0.081773909814	0.0853043001493	0.160770026282
78	8	0.22801827045	0.367544667185	2.27755238421
96	2	0.206911718999	0.255649687166	0.877154823835
9	4	0.050560882982	0.0554063895681	0.356877739209
9	5	0.049849642128	0.039135323512	-0.800382067941
28	0	0.034057997406	0.0425701199223	0.930702294329
28	1	0.0447167467254	0.0357670906789	-0.745298609792
28	2	0.0387085397886	0.0442326154014	0.531429806942
28	3	0.0177665664787	0.0137255915839	-0.846966693087
28	4	0.0204506078555	0.0163463694428	-0.747329884859
28	5	0.0449430799117	0.0261914006203	-1.55371557387
28	6	0.0326153821303	0.0383859539713	0.658852200755
28	7	0.0298317889523	0.0299593831948	0.0159273123403
28	8	0.0267899098634	0.0291761303819	0.331687327558
28	9	0.0217861706997	0.0179576222474	-0.654395203021
67	9	0.0265293577198	0.0264173710368	-0.0157191510385
77	4	0.22415980162	0.330122134689	1.76016939301
60	7	0.00275300107421	0.00262379722744	-0.174726278762
77	6	0.224592790514	0.321015738841	1.59861390988
77	7	0.222863732996	0.325326750338	1.71196646346
88	4	0.0311658537467	0.0319994194486	0.0995983113819
77	0	0.222936519397	0.297845736584	1.25118222392
69	9	0.0394961669233	0.0411341969205	0.154440117641
77	1	0.223662518257	0.321354338014	1.62637718091
24	4	0.00351332238828	0.00217081112306	-1.42269996981
24	5	0.00349280894771	0.0051325361552	1.74787207931
24	6	0.00240145691845	0.00270598828296	0.472095662656
24	7	0.00356049805137	0.00437857257899	0.855454008772
24	0	0.0023987221966	0.00255151731172	0.237138544768
24	1	0.00312542899166	0.00194540889647	-1.40566641712
24	2	0.00278841895561	0.00291642040763	0.170902122091
24	3	0.00422620912323	0.0047418043831	0.454240771774
77	3	0.22173218287	0.302835408881	1.36201916103
24	8	0.00338844635882	0.00315169035407	-0.260142040886
24	9	0.00316551627722	0.00338447201179	0.257522702585
69	8	0.0383244512517	0.0384559448191	0.0127767840218
78	7	0.227996402772	0.354101281402	2.0589527058
97	5	0.222998113121	0.319096131095	1.60466125223
76	4	0.207618298823	0.260961773047	0.956774266386
80	8	0.00298910994233	0.00302048536385	0.0390792018907
79	8	0.228697093519	0.382051576211	2.49556667851
79	9	0.227973214433	0.371257823457	2.33766322481
88	2	0.0315535552124	0.0331630060979	0.189941873066
88	3	0.0322454953073	0.0325539440787	0.0356209497528
88	0	0.0327369903581	0.0334977448521	0.0865361198144
88	1	0.0324734806082	0.0329968409154	0.0600155108141
88	6	0.0323704632012	0.0328840907384	0.0590868602388
72	1	0.118142752297	0.121142519466	0.0945536946455
22	8	0.00396020322609	0.0043769388687	0.391801829341
22	9	0.00382077810618	0.00536725415017	1.50699504435
22	6	0.00326477176927	0.0032187245036	-0.0525118997002
22	7	0.00226880895349	0.00235354465804	0.139038091602
22	4	0.0030132460263	0.00391196081776	1.11041706769
22	5	0.00387686697963	0.00465738147623	0.749586376216
22	2	0.00288387517886	0.00271874301406	-0.213181472053
22	3	0.00356739512256	0.00449177557239	0.964748813047
22	0	0.00385846696187	0.00382798951477	-0.0294093233395
22	1	0.00267576146891	0.00262532474709	-0.0701754795528
20	8	0.00304455449929	0.00363129233336	0.717497219516
20	9	0.00168255114233	0.00150339903679	-0.396343386231
72	6	0.120494669598	0.127960049932	0.230718366857
20	0	0.00242030326162	0.00198225819925	-0.673787243574
20	1	0.00410335500541	0.00547994120314	1.24908017987
20	2	0.00306266140121	0.00375161797919	0.837516453515
20	3	0.00265115992793	0.00170221319641	-1.33257227186
20	4	0.00203659106517	0.00189042492442	-0.267173109704
20	5	0.00255412085499	0.00291917223933	0.532099690842
20	6	0.00307326115909	0.00313080131992	0.0697063644064
20	7	0.00348434809675	0.00323878100762	-0.262398461351
26	8	0.0156996351255	0.0124048506985	-0.781481869478
26	9	0.0148946658188	0.0110122822213	-0.970617412225
79	0	0.229177791506	0.397694863276	2.73452573402
26	2	0.0124884756245	0.00867259422664	-1.13778929682
26	3	0.0167070628049	0.0170967949553	0.0868657878413
26	0	0.0127074091054	0.0122180866326	-0.143388718253
26	1	0.0138707673629	0.0119742053085	-0.509149637591
26	6	0.0103309467807	0.00837695810212	-0.704292695194
26	7	0.0123007718891	0.010544182928	-0.531757736895
26	4	0.0139666770647	0.0122064066528	-0.46931596225
26	5	0.0113308378302	0.00823881494988	-1.01614239452
60	4	0.00301992206862	0.00310045417704	0.0992824283307
60	5	0.0029190208035	0.00293426109623	0.0194380031477
96	4	0.206314907916	0.257701384841	0.927496428683
60	6	0.00274838117204	0.00255069523509	-0.267785950526
72	3	0.12536213687	0.131360382107	0.178178765411
15	3	0.175440993277	0.217152176065	0.88535867754
60	0	0.00310979920926	0.00317152749703	0.0739016080636
60	1	0.00327722883051	0.00313135888956	-0.165716635653
60	2	0.00280815919382	0.00282904233717	0.027686337522
60	3	0.00286840871841	0.00298134855852	0.146588466812
72	2	0.131590956719	0.134389661032	0.0792007233303
87	5	0.0221896211874	0.0231465765723	0.160593879261
85	7	0.00707220698324	0.00726501928996	0.101516657159
85	6	0.00716498859798	0.00712649407034	-0.0200051391218
85	5	0.00698537845479	0.0071640068642	0.0952176748204
85	4	0.00704200920503	0.00725977199485	0.115144823681
85	3	0.00742931343368	0.00761423995568	0.0926851457451
85	2	0.00663176172187	0.00685945801662	0.127844391076
85	1	0.00748031214502	0.00745669681098	-0.0117553150213
85	0	0.00698958744469	0.00701579510091	0.0139615503853
72	5	0.118058118013	0.129989119764	0.376338886889
85	9	0.0073650220172	0.00746716979956	0.0516433192854
85	8	0.00738852923692	0.00744562439541	0.0287740288361
87	1	0.0254421018892	0.0241878202041	-0.183582399719
87	0	0.0238857038651	0.0239678533145	0.0128072173177
87	3	0.0235019918528	0.0234988952621	-0.000490644688154
87	2	0.0235752110878	0.0232707438313	-0.0480920180436
73	6	0.132426577912	0.140154837862	0.217322525028
87	4	0.0210923329147	0.0219386822838	0.149420960662
87	7	0.0226909480033	0.0232072396775	0.0847285891057
87	6	0.0244433262456	0.0235332537861	-0.138644973924
87	9	0.0225938794562	0.0238641849888	0.209365354194
87	8	0.0238108125207	0.0238144460768	0.000568258284418
81	3	0.00294888990951	0.00292635724457	-0.0284479252734
81	2	0.00302886683388	0.00299525564589	-0.0413145514968
81	1	0.00288819996742	0.00290176161578	0.0174815374022
81	0	0.00299557100068	0.00298252642951	-0.0162124412699
81	7	0.00299283916168	0.00292709723806	-0.0817818935246
81	6	0.00300684201693	0.00298799994247	-0.0233301063052
81	5	0.00295852487633	0.00300253574836	0.0553836645944
81	4	0.00297170024246	0.00295266990759	-0.0238417884612
81	9	0.00298777239616	0.00298555508327	-0.00276297800767
72	4	0.120148754198	0.128636329207	0.263064621125
98	5	0.227087999467	0.353630273597	2.07450536956
83	9	0.0029357446731	0.0029414225563	0.00720052736264
83	8	0.00291069788491	0.00294205168456	0.040104054121
83	5	0.00296659495181	0.00299423057583	0.0346823282897
83	4	0.00294728357735	0.00296566669408	0.0232216867648
83	7	0.00305808796665	0.00304466796306	-0.0163381541341
80	9	0.00295741976225	0.00294725823084	-0.0127921367283
83	1	0.00293854160199	0.00300090991744	0.0790184309371
83	0	0.00302268082813	0.00299002476551	-0.0402226499156
83	3	0.00295207894638	0.00293989091728	-0.0153710037306
83	2	0.00299598285828	0.00298334132097	-0.0157093714747
72	7	0.122716553073	0.134215533313	0.348942819682
76	5	0.209031228819	0.263875027579	0.97703328454
40	8	0.00294725705063	0.00336553708997	0.528379143931
40	9	0.00277274714902	0.00176553466939	-1.35238639542
40	6	0.0029927972598	0.00282370531975	-0.210350593491
40	7	0.00373382950421	0.00381934411212	0.0852715961057
40	4	0.00268906855453	0.00301069791603	0.445287310078
40	5	0.00331583881731	0.00306078702038	-0.286380299533
40	2	0.00343513598558	0.00331404288027	-0.131246240875
40	3	0.00376099172704	0.00399525513838	0.231910945708
40	0	0.00337771215294	0.0040816798627	0.775961130178
40	1	0.003736188302	0.00384029287926	0.103743210996
42	8	0.00348162064613	0.00370480531444	0.238668715565
42	9	0.00220282980975	0.0017662119099	-0.737873315428
76	6	0.208034235661	0.243089235043	0.627492267552
42	0	0.00313027557915	0.00385989241477	0.867790572944
42	1	0.00352850633381	0.00414482755333	0.650324301552
42	2	0.0025989423618	0.00267406187969	0.107606541923
42	3	0.00234651730726	0.00201775465017	-0.521589088713
42	4	0.00223039906441	0.0022693367051	0.0649905185458
42	5	0.0027141459857	0.00298883217187	0.376782894724
42	6	0.00341192652346	0.00356640280677	0.168567141472
42	7	0.00263967305054	0.00245831847618	-0.255777733383
81	8	0.00296910006821	0.00301206577552	0.0538758880398
63	5	0.00300888402158	0.00298016399844	-0.035536775646
63	4	0.00293963523035	0.00287607723532	-0.0804957622648
63	9	0.00291026428881	0.00289394463135	-0.0208772754503
48	6	0.0291922773924	0.0180032712355	-1.42729589074
48	7	0.0441830625318	0.0505835610544	0.539451049229
48	4	0.0378378906526	0.0461857723506	0.821565640637
48	5	0.0308980340139	0.0288292570358	-0.249329624653
48	2	0.0307157000241	0.0320607668573	0.163070152293
48	3	0.024217056875	0.0239702288377	-0.037954342955
48	0	0.0313241652671	0.0281726686032	-0.374652452915
48	1	0.0240530393711	0.0233181008988	-0.113780880445
76	9	0.210638904383	0.275325728828	1.14359018806
73	7	0.151862447289	0.167564081973	0.385028376659
48	8	0.0256700924859	0.0258133267677	0.0207782329379
48	9	0.0459719854905	0.0508672486826	0.396530958623
76	3	0.207476558824	0.250331094093	0.769169051209
7	0	0.028343835906	0.0327846452218	0.58343662036
44	8	0.00288335482276	0.0024905906307	-0.507140181487
44	9	0.00279114701368	0.00260067485152	-0.254061872454
7	1	0.0240826200445	0.0248787108395	0.123096910127
44	2	0.00260722373079	0.00281151628826	0.291713919273
44	3	0.00308225796059	0.00240680960608	-0.815876238368
44	0	0.00303004964094	0.00335160170531	0.395094474874
44	1	0.00316748402558	0.00350510426337	0.396842201329
44	6	0.0026479228485	0.00263451024299	-0.0188578661012
44	7	0.00287920229923	0.00275382919148	-0.162116150145
44	4	0.00377338387515	0.00348137390074	-0.288128440374
44	5	0.00248882850802	0.00188738801517	-0.899652884921
71	6	0.0776601303647	0.0779409807733	0.0134670937382
71	7	0.0734806493526	0.0748230407974	0.0680303839272
71	4	0.0803464623693	0.0865993428217	0.289808030613
71	5	0.0833002213165	0.0839071313252	0.0271315955843
68	8	0.0295402945184	0.0309859350039	0.182236810445
68	9	0.0370471526607	0.0347919336801	-0.226686991738
71	0	0.0849631920256	0.088880383007	0.171688487324
71	1	0.0830433043941	0.086041016431	0.134425745937
68	4	0.032318191447	0.0353543028913	0.349834134176
68	5	0.0314317502089	0.0323060271759	0.10357900157
68	6	0.0287490765781	0.0312489276265	0.323802779618
68	7	0.034713732854	0.0340972809062	-0.0661287157122
68	0	0.0335300097506	0.0340070267838	0.052977575068
68	1	0.0311861397491	0.0325544567091	0.16338652893
68	2	0.0378990996994	0.0326214448338	-0.518567144001
68	3	0.0312668133	0.0299768151233	-0.153637303291
46	4	0.0129146622737	0.0130797308331	0.0475946937362
46	5	0.00970974983163	0.0105953916758	0.339640476241
46	6	0.0168476926928	0.0167205989535	-0.0280909556991
46	7	0.0134611849757	0.0156952589733	0.618005655076
46	0	0.011804477478	0.010866383107	-0.295920294059
46	1	0.0136292092955	0.0173459643084	1.01548087982
46	2	0.0162563134244	0.0154696260583	-0.180203093462
46	3	0.015082474505	0.0153137011291	0.057088139471
66	6	0.0122011248063	0.0121074047508	-0.0286027970007
66	7	0.0136151344055	0.0147120000687	0.299992197348
66	4	0.0114481689374	0.0108524799041	-0.193757156476
66	5	0.0104081922811	0.0119906699643	0.566152949488
46	8	0.00902944449414	0.00763810708964	-0.573770734394
46	9	0.0114575989192	0.0085996783932	-0.928818229138
66	0	0.0143688274325	0.0133748024736	-0.25760578147
66	1	0.0164435846571	0.0179391156313	0.338673535666
64	8	0.00302132259869	0.00308928074016	0.0837420325939
61	5	0.00275806429612	0.00285873024231	0.135883762432
75	0	0.161900387497	0.177581226967	0.360677874616
75	1	0.162447008723	0.185060288109	0.518382005432
75	6	0.17108568018	0.190085214559	0.413549193601
75	7	0.163183342419	0.177731580337	0.33199583777
75	4	0.164528796908	0.185332487023	0.47086510785
61	4	0.00296426929882	0.00300696105893	0.0536195971131
64	0	0.00309721379522	0.00322142292315	0.149308292819
64	1	0.00288219381376	0.00294569643239	0.082028096689
64	2	0.00283646172511	0.00289530677489	0.0772370120408
64	3	0.00299968516594	0.00307277328593	0.0907129905188
64	4	0.00298636612089	0.00291100312037	-0.0939535169216
61	7	0.00297693735388	0.00293738107363	-0.0494701620885
64	6	0.00301489147825	0.00302045410531	0.00686921557738
64	7	0.00307812901076	0.0031223118787	0.0534401994217
69	0	0.0387412762302	0.0430170086517	0.410988459433
67	5	0.0233758270891	0.0227473662492	-0.100114994429
61	6	0.00313237910878	0.00306199534054	-0.083656735872
61	1	0.00288038345871	0.00289203699889	0.015062660354
61	0	0.00304015601195	0.00316377128891	0.151382617982
89	9	0.0437882871248	0.045523982089	0.147607843507
89	8	0.0390758337713	0.0388510368462	-0.0214227521678
61	3	0.00293121128488	0.00288622391339	-0.0571398982943
89	3	0.043119027939	0.0414428300066	-0.144760549022
89	2	0.0402821290226	0.0404255214902	0.0132558418009
89	1	0.0399789704594	0.0392342140273	-0.069370683385
61	2	0.00279919611441	0.00281445365898	0.0202928167214
89	7	0.0418465955218	0.0380050702927	-0.341851291417
89	6	0.0405939064268	0.0389215754793	-0.153410405545
89	5	0.0399295835928	0.0419354762483	0.187070892939
67	4	0.0242275862968	0.0244122819586	0.0283880063356
80	6	0.00302292886323	0.00302129709961	-0.00200968724703
1	0	0.00233799723977	0.00217968365271	-0.252082963107
80	7	0.00292198026204	0.0029465336112	0.0312844914089
1	1	0.00286865869565	0.00204321294145	-1.07128083155
84	8	0.00298916972859	0.00299560750681	0.00801832104473
97	0	0.2233348307	0.318529262457	1.58716625034
96	5	0.207539234832	0.259002596312	0.92340408138
73	8	0.144192190126	0.150691159838	0.167842133369
62	8	0.00285461212133	0.00299163039504	0.178699992657
62	9	0.00301120707637	0.00289770956691	-0.140328043604
77	8	0.223777071349	0.324570326198	1.67719031402
77	9	0.223348457207	0.326618718134	1.72171888388
62	2	0.00270841485003	0.00272296656686	0.0200025962926
62	3	0.00298108742638	0.00307358332574	0.115516891571
62	0	0.00298518678087	0.00291862444377	-0.0830146847618
62	1	0.00302797147863	0.00305936427282	0.0385991304499
62	6	0.00302616559331	0.00286974980609	-0.192436372686
62	7	0.00305077092933	0.00300728231808	-0.0530720700695
62	4	0.00298248172766	0.0030733196078	0.113393190275
62	5	0.00292432601515	0.00300541010523	0.103229917367
17	6	0.223350835432	0.177803298479	-0.759379638878
17	7	0.224913885085	0.338450253165	1.87967147651
17	4	0.225378044533	0.369547101894	2.38191491437
17	5	0.227323736158	0.331584125245	1.7075395472
17	2	0.226848973485	0.369191407505	2.33632974344
17	3	0.223964695786	0.287752474352	1.060542234
17	0	0.222541135426	0.361776255184	2.3297955715
17	1	0.222371704368	0.297888036581	1.26453307227
79	6	0.229582649934	0.368746059122	2.25423384805
53	9	0.141276755029	0.112096415977	-0.769161894019
79	4	0.22863448022	0.386903679337	2.57512200567
79	5	0.229075358872	0.390314145873	2.61797915658
79	2	0.229175060468	0.386481588807	2.55306431886
1	8	0.00219844206588	0.00155335285185	-1.09235975286
17	8	0.222828835344	0.274828807252	0.868982274088
17	9	0.225694252634	0.364284251006	2.28651974501
15	0	0.143098834757	0.140214779201	-0.0750525987548
15	1	0.149211438716	0.176290761755	0.67582450742
15	2	0.136264703003	0.0831452305502	-1.4516721283
12	0	0.120123413267	0.11983601711	-0.00890945951439
15	4	0.154667950724	0.130417717263	-0.583866680512
15	5	0.155504910879	0.186871472823	0.751140305876
15	6	0.166272980734	0.199688163391	0.748376629041
15	7	0.188489532519	0.0853133917071	-2.03840497748
15	8	0.160793156207	0.191363690106	0.708000609169
15	9	0.189816463098	0.280357832868	1.77627703026
60	8	0.00282081466547	0.00283266269213	0.0156373560681
60	9	0.0032369768542	0.00309423005127	-0.164184704209
13	2	0.151623503289	0.142578650425	-0.222143302111
13	3	0.142783131172	0.17952485525	0.958254505391
13	0	0.140022220066	0.157945865454	0.476680649518
13	1	0.16879565227	0.224419798387	1.22715716742
13	6	0.153069881518	0.13989521113	-0.32051492573
13	7	0.1374305072	0.144980665181	0.204583688328
13	4	0.156828457972	0.160080521059	0.0772204511672
13	5	0.124382750867	0.105168661108	-0.575251481082
96	3	0.206777412162	0.257554073599	0.914439582998
13	8	0.166083874412	0.238073997016	1.61414906237
13	9	0.145012481756	0.169675947942	0.633354614644
86	8	0.0136406996473	0.0140123772832	0.101463136146
86	9	0.0124944374314	0.0132400648014	0.222219189522
89	0	0.0391376327192	0.0398032252627	0.0633296434129
86	0	0.0125223934897	0.0128809066406	0.106609086625
86	1	0.0148924255354	0.0147366029783	-0.0389623626388
86	2	0.0136053135769	0.01400011773	0.108056674033
86	3	0.0121310297405	0.0125765387318	0.136752254292
86	4	0.0131578463733	0.0132856223282	0.0361611299127
86	5	0.0132785435437	0.0130803211727	-0.0555878786859
86	6	0.0139719379498	0.0136845199299	-0.0766013422338
86	7	0.0142169653425	0.013650576893	-0.148349776376
19	4	0.229265911162	0.402047963782	2.8006359295
19	5	0.228906895771	0.402020520076	2.81457713189
19	6	0.229315010177	0.390564148214	2.61635038486
19	7	0.229510317656	0.38487912492	2.51671449877
19	0	0.229598132703	0.417238758106	3.03172487719
19	1	0.229247151283	0.353211731366	2.01082222266
19	2	0.229885130369	0.364308863486	2.17095871148
19	3	0.228988455067	0.396965127102	2.72760258635
80	2	0.00299346599503	0.00301031004349	0.0209493382609
80	3	0.00290430730177	0.00292561366022	0.0273125127386
80	0	0.00293783722149	0.00292023158224	-0.0223110637133
80	1	0.0030017782468	0.00300463126146	0.003538537783
19	8	0.229458825073	0.401033657074	2.78053241809
19	9	0.229885130369	0.400117214948	2.7453263735
80	4	0.00297097191418	0.00290852228528	-0.078257990341
80	5	0.00298426123202	0.00301688479164	0.0406998067997
84	4	0.00297828099516	0.00292040645685	-0.0723468290592
82	4	0.00288196391875	0.00288626892986	0.00556134593873
82	5	0.00296226541432	0.00292653458891	-0.0449072178776
82	6	0.00298083368038	0.00297472418211	-0.00763072004545
82	7	0.00303897613636	0.00302450772575	-0.017725285283
82	0	0.00289301913151	0.00293166878217	0.0497380607435
82	1	0.00293693232401	0.00296073027843	0.0301676765482
82	2	0.00298978169127	0.00300864856197	0.0234940789787
82	3	0.00291804868172	0.00290348083268	-0.0185865333486
90	6	0.0393232974227	0.0402136151439	0.0843117853934
82	8	0.0029865422576	0.00296749181147	-0.0237484026997
82	9	0.00304269096305	0.00298967536611	-0.0648702589612
66	2	0.0129528469068	0.0122488321934	-0.202392213981
11	8	0.0571713582288	0.0429325017204	-0.927453611287
11	9	0.0497124211706	0.0409065231355	-0.659634761343
11	4	0.0636352645598	0.0663202473549	0.157123002617
11	5	0.0920372240788	0.0783416700217	-0.554132464754
11	6	0.0567570356121	0.0465637263337	-0.668791970748
11	7	0.076285612174	0.079883428848	0.175627800677
11	0	0.0930898703359	0.124095479094	1.2403247565
11	1	0.049851838106	0.0335360225295	-1.21877188152
11	2	0.071285946267	0.0630580211438	-0.429816423195
11	3	0.0987355245338	0.135293920959	1.37883218396
96	0	0.20689889427	0.260754292429	0.969315517683
79	7	0.228382235375	0.38092313041	2.48534075387
76	0	0.208090010085	0.257377632072	0.882023986437
94	4	0.164403436164	0.178412460928	0.317318245704
74	8	0.161389095267	0.180527339033	0.441596781133
39	2	0.229113185673	0.420731594768	3.10803915776
39	3	0.229311135037	0.371016475178	2.29902133749
39	0	0.229223018818	0.41492434797	3.01151179785
39	1	0.229527721895	0.399656053769	2.75756261743
39	6	0.229469800413	0.408029052102	2.88966644597
39	7	0.229885130369	0.396257600341	2.68865219267
39	4	0.229885130369	0.42363703837	3.12579306147
39	5	0.228090531834	0.383456456699	2.53557661489
84	6	0.00291463815863	0.00297759227328	0.0804145887329
84	7	0.00288563935324	0.00286682125216	-0.0242788467924
39	8	0.229125319067	0.411601043185	2.96237189724
39	9	0.229662373459	0.423360497894	3.13140944708
84	2	0.0030544065624	0.00299553984042	-0.0717535211139
84	3	0.00302705794563	0.00298244031035	-0.0548763366904
41	9	0.00229706505514	0.00197867130225	-0.516010091786
41	8	0.00271920912483	0.00264211677991	-0.105549558298
96	7	0.207411206105	0.2586958262	0.920764501536
4	9	0.00280033718583	0.00316635499379	0.486612146826
4	8	0.00209386286487	0.00147642715761	-1.09773482408
4	7	0.00218466174908	0.00165807133988	-0.897322981959
4	6	0.00218902312597	0.00190968495836	-0.475051028046
4	5	0.00320157562163	0.00323451231582	0.0383019679989
4	4	0.00208004018034	0.00178837647387	-0.521991733209
4	3	0.00244031606992	0.00195538027763	-0.739797713269
4	2	0.00257893391836	0.002116511703	-0.667544293089
4	1	0.00372032112724	0.00295398977251	-0.766927714602
4	0	0.00234629914621	0.00249046922132	0.228750212913
33	4	0.161840927947	0.206418063917	1.0257042606
33	5	0.123828757091	0.132085225512	0.248296675092
33	6	0.145538485728	0.189703066472	1.13004176986
33	7	0.159260826005	0.154416705345	-0.113267211547
33	0	0.14935031156	0.160299872511	0.273016450041
33	1	0.172507574531	0.194291217974	0.470241401681
33	2	0.180507990033	0.197501284932	0.350573568994
33	3	0.153333330943	0.171161533703	0.432981241189
6	1	0.0116541134191	0.00898300843542	-0.853466269938
6	0	0.0134415227786	0.0160509780108	0.722902195874
6	3	0.0116870537802	0.00834016789413	-1.06637652758
6	2	0.0175033314482	0.0154151955489	-0.44424395124
33	8	0.167672576653	0.236420224353	1.52684203367
33	9	0.132669004482	0.154609811249	0.615859094075
6	7	0.0150606020091	0.0163178225936	0.310849213803
6	6	0.015487936508	0.0215176568507	1.44972223832
74	9	0.162815365524	0.170605905844	0.178184666904
49	9	0.0250717367052	0.0259309015644	0.127608873585
49	8	0.046609068822	0.0434575704166	-0.251791504382
49	7	0.0403602348725	0.0280286899663	-1.13777709551
49	6	0.0244692723733	0.0257710231256	0.198104908025
49	5	0.050329861197	0.0577113818783	0.546153831609
49	4	0.0340633705594	0.0338057810908	-0.0281599893823
49	3	0.0408899076375	0.0431806479527	0.208618681982
49	2	0.0442905436798	0.0520609923043	0.653324780166
49	1	0.0295509168964	0.0258736409101	-0.463389220438
49	0	0.0449592125883	0.0522412422453	0.603153596466
91	1	0.0796197963572	0.0803621233817	0.0347193219233
43	1	0.00364898127095	0.00370825268126	0.0604770048282
43	0	0.00277275824046	0.00259053750168	-0.244667205096
43	3	0.00247596189254	0.00257424779021	0.147782801106
43	2	0.00324294125369	0.00342870469245	0.213268755463
43	5	0.00270792797566	0.00211965984474	-0.808770895582
43	4	0.00319853575293	0.00352258452053	0.377193257112
43	7	0.0029654158095	0.00290852992937	-0.071419378348
43	6	0.00295650312323	0.00253354460965	-0.532618560205
43	9	0.00333490712574	0.00311676745327	-0.243534003076
43	8	0.00344777692787	0.0042034130059	0.815990769582
9	9	0.022064185121	0.0144825187374	-1.27956949604
45	3	0.00716123898836	0.00762553224069	0.241413898828
45	2	0.0059737358826	0.00632809724099	0.220876672206
45	1	0.00904010085896	0.0085499520061	-0.201893213345
45	0	0.0070220142048	0.00484046388557	-1.15680655076
45	7	0.00838506019343	0.00959452234838	0.537094179187
45	6	0.00492866045552	0.00472353182542	-0.154965831401
35	8	0.176127658711	0.163778509947	-0.261100194695
35	9	0.170921997965	0.182394854699	0.249960626753
35	6	0.169384900086	0.147190426396	-0.487941885742
35	7	0.171032884403	0.257162736161	1.87530632535
35	4	0.161738839124	0.137712472169	-0.553186832187
35	5	0.17133159482	0.127446828235	-0.953837743577
35	2	0.18496063694	0.213787142762	0.580377405092
35	3	0.172770897437	0.187238096585	0.311825600178
35	0	0.175071361164	0.234063059527	1.2547981138
35	1	0.18321723322	0.201117890244	0.363831605217
37	8	0.221606597297	0.332143455558	1.85741525905
37	9	0.220132059403	0.305141946973	1.43802943116
69	7	0.0293674661379	0.0322774006909	0.36898380461
69	6	0.0420828586784	0.0408347483479	-0.110443830434
47	9	0.0181356924006	0.0183879865327	0.0518032611808
47	8	0.0207964346161	0.0208038554439	0.00132876974294
69	3	0.0308591453209	0.0303433699503	-0.0622397372467
69	2	0.0390731982856	0.040577998207	0.143414465822
37	0	0.226945149396	0.32087980447	1.54114285848
37	1	0.224091654301	0.304753626854	1.34031154497
37	2	0.224341369103	0.325693480536	1.68224876619
37	3	0.225903510588	0.383412182848	2.59623609094
37	4	0.227891666634	0.385896269185	2.58143365511
37	5	0.225884585949	0.299329128871	1.21067726934
37	6	0.222174863848	0.307813500933	1.43531777612
37	7	0.227745040353	0.369107564456	2.3109850217
67	7	0.0275346042858	0.0263274037666	-0.163264005129
67	6	0.0212090501094	0.0221801716741	0.170505710815
31	8	0.0866837782062	0.101159304407	0.621861801621
31	9	0.072785212954	0.0609526089164	-0.605388106588
67	3	0.0227047127768	0.0233857444727	0.111696306169
67	2	0.0222564696959	0.022221459577	-0.00585766506018
67	1	0.0227227442805	0.0225255945322	-0.0323089582333
67	0	0.0260449249131	0.0263743740617	0.047103645005
31	2	0.078705420137	0.0708478312025	-0.371776242271
31	3	0.0847135940711	0.116602230637	1.40178076645
31	0	0.0948441206322	0.0959517986568	0.0434911356786
31	1	0.0871974234768	0.0928511116109	0.241449052718
31	6	0.0847005850239	0.0739022142669	-0.474754473363
31	7	0.0682985557041	0.074677603809	0.347808975043
31	4	0.0812966582933	0.0950763182507	0.631194064278
31	5	0.0878766234539	0.0925697586894	0.198878144631
3	8	0.00347170365591	0.00442828578171	1.02586910383
3	9	0.00203019070334	0.00180989889015	-0.403934401918
3	4	0.00272147814652	0.00286825653419	0.200791410523
3	5	0.00235112692223	0.00204181641731	-0.489765996769
3	6	0.00341301457905	0.00537290633567	2.13798549103
3	7	0.00236059035109	0.00165808908073	-1.10789102465
3	0	0.0017784216017	0.00146466971968	-0.656718810098
3	1	0.00354000487774	0.00472000919503	1.24106287254
3	2	0.00247849816592	0.00192892755276	-0.825489718943
3	3	0.00483522671081	0.00400167470606	-0.641879085112
94	9	0.165882717369	0.181468889864	0.349893908086
94	8	0.165303026263	0.183507887385	0.410113959636
74	1	0.170890094618	0.18913706659	0.397623244209
65	1	0.00770270609153	0.00804114802435	0.163607017656
65	0	0.00761412207715	0.00803062987944	0.203687288816
65	3	0.00765548673147	0.00742456379621	-0.1123194852
65	2	0.00747602332836	0.00797056867555	0.246317546087
65	5	0.00748031214502	0.00785214391623	0.185091584915
65	4	0.00769852156981	0.00745108168206	-0.119680513752
65	7	0.00762653508069	0.00779899433877	0.0842015199837
65	6	0.00678344287545	0.00648860498889	-0.161841086365
65	9	0.00750273337322	0.00775213150103	0.12377521715
65	8	0.00701077504932	0.00715665570208	0.0774798567151
92	6	0.121734899827	0.127998136689	0.19159397018
63	3	0.00263915783221	0.00265052929664	0.0160411452762
63	2	0.00311466128193	0.00305121197405	-0.0758434753181
63	1	0.00301971331105	0.00311654022207	0.1193794059
63	0	0.00304752490203	0.00303021105907	-0.0211517445114
63	7	0.00277068364786	0.0026883553744	-0.110624659179
63	6	0.00290131572025	0.00298223024082	0.103830838006
16	9	0.198292602154	0.237676427751	0.739617936211
16	8	0.217802074039	0.352831013843	2.30863922399
16	7	0.217825892919	0.292746057	1.28078468096
16	6	0.207108897225	0.277697052089	1.26919342643
16	5	0.199825948924	0.274494177732	1.39148966046
16	4	0.215059211599	0.268910508461	0.932459967616
16	3	0.212852594349	0.301149096992	1.54474424354
16	2	0.218366263172	0.354696569182	2.32486124031
16	1	0.204998328586	0.280945705047	1.37961495622
16	0	0.21603460682	0.284200684268	1.17499688305
14	9	0.146707795416	0.0958532761348	-1.29084658721
14	8	0.158838979269	0.101665281544	-1.34040941008
7	2	0.0332451675248	0.039506858044	0.701382375182
7	3	0.0116456436757	0.0103320182813	-0.420032285517
61	9	0.00285508904359	0.00283829697302	-0.0218966541738
61	8	0.00291372731102	0.0030421185616	0.164052125638
7	6	0.0274325986389	0.0407003654236	1.80102898774
7	7	0.0239193643514	0.0184438706345	-0.852436103704
14	1	0.148391938804	0.198828730613	1.26571336363
14	0	0.157256156292	0.141018955476	-0.384504796736
14	3	0.12896799479	0.108466761288	-0.591965157073
14	2	0.169647051558	0.170744012742	0.0240792359534
14	5	0.161339099215	0.149095223033	-0.282603357891
14	4	0.159632944182	0.186055213736	0.616375925641
14	7	0.175388081626	0.232421902661	1.21096131481
14	6	0.161919399556	0.162903661369	0.022636543232
1	2	0.00237225820028	0.0020240870596	-0.546389086984
1	3	0.0032539893746	0.00196928623328	-1.46991780993
12	9	0.135518862019	0.135444730592	-0.00203704571965
12	8	0.119720344207	0.158715979058	1.21295916821
1	6	0.00141542256359	0.000699444253107	-1.88276959483
1	7	0.00334500593218	0.00467540107321	1.48078747276
1	4	0.00284685261477	0.00264020861145	-0.27024064913
1	5	0.00312703513282	0.00409890868179	1.15712307637
12	3	0.103889522045	0.0755013497119	-1.01756814637
12	2	0.12709059849	0.153202153241	0.765098793208
12	1	0.128967502846	0.146449824876	0.504797261546
1	9	0.0011993239177	0.000802952807111	-1.23001305738
12	7	0.129594737066	0.167841603349	1.09902283833
12	6	0.12303337195	0.172174189576	1.48736512883
12	5	0.0751321061032	0.0493911526949	-1.27583897832
12	4	0.144479122691	0.213116488591	1.76910630323
92	8	0.122345509581	0.1278667187	0.168052226388
18	9	0.228217483431	0.37077036018	2.32522474089
18	8	0.227798314466	0.29340369583	1.07221139991
75	3	0.168123410029	0.192098303043	0.5310391153
18	5	0.229372157492	0.413147719944	2.98071298585
18	4	0.228041537946	0.314240922246	1.40722588203
18	7	0.228997075431	0.392967014201	2.66501194577
18	6	0.22873914268	0.386780330257	2.57195293426
18	1	0.22778186325	0.385255078199	2.57378923055
18	0	0.227652954449	0.375244475311	2.41381438977
18	3	0.228048923389	0.350248641064	1.99492219752
18	2	0.228686289063	0.370145044297	2.30260492174
41	7	0.00346786473566	0.00387372215993	0.435736138998
8	2	0.0575784118039	0.0617895977628	0.272358142717
41	6	0.0032521501832	0.00335914975194	0.122494835033
74	5	0.160529849999	0.176268771552	0.365104541697
7	4	0.0204305879418	0.0170111730698	-0.623242310248
41	5	0.00325538179045	0.00344174669885	0.213141808712
41	4	0.00330320426141	0.00365607379702	0.397728344681
41	3	0.00327052574354	0.00411240060064	0.958378016228
41	2	0.00240858599421	0.00253657630744	0.197828157795
41	1	0.00324824190149	0.00380383393828	0.636815868635
74	4	0.163814083091	0.182846449131	0.432652965287
41	0	0.00306153641948	0.00257332997133	-0.59369655
10	5	0.0371294017948	0.0434139412668	0.63030135673
10	4	0.0494482630044	0.0567749845509	0.551764085876
10	7	0.036542409203	0.0364157125458	-0.0129110209468
10	6	0.0301799924807	0.0220883179523	-0.998412751393
10	1	0.0311678844626	0.0208790430979	-1.22927857323
10	0	0.0318580439499	0.019576853658	-1.43553151607
10	3	0.0384623676723	0.0588501627054	1.97390973404
10	2	0.0614700412382	0.0804720557465	1.15115047995
7	8	0.0291300744796	0.0344058216664	0.674423769968
10	9	0.0477742640744	0.0576272709005	0.768014362865
10	8	0.0450823901804	0.0609155729782	1.30784261564
84	5	0.00286979670243	0.0029119608679	0.0546998450677
8	3	0.0264103214144	0.0229576778655	-0.486818911503
76	7	0.202560344969	0.254803167511	0.960434253388
90	0	0.0402188627961	0.0410359610362	0.0756550383695
38	9	0.228660623086	0.378650372127	2.44164440879
38	8	0.228620607312	0.339059433951	1.79827542312
84	0	0.00291165240535	0.00290037226492	-0.0144234861278
84	9	0.00299441252691	0.00294784968212	-0.0578930009986
7	9	0.0283866104591	0.0301482924007	0.231102254813
38	3	0.227778478535	0.392632999964	2.6942396915
38	2	0.228371417848	0.384325212854	2.54236789087
38	1	0.229324119162	0.350727932337	1.9702961254
38	0	0.227774789336	0.372560401313	2.36647237187
38	7	0.22847936565	0.382299309571	2.50635051438
38	6	0.229214008272	0.387775018291	2.574272663
38	5	0.228425542239	0.364543163835	2.21811780766
38	4	0.228831646956	0.408175693678	2.91562364217
30	3	0.0283792482907	0.0232787649214	-0.669268907686
30	2	0.0517146131496	0.0584974755116	0.4884215264
30	1	0.0462393608673	0.0600359024186	1.11109905132
30	0	0.0306261272663	0.0287899122527	-0.223265922164
30	7	0.0360654739839	0.0297618270822	-0.650867730128
30	6	0.0400734350745	0.0300971069274	-0.927059257009
30	5	0.0452779318632	0.0607230868527	1.27028133234
30	4	0.0307375196546	0.0317586771571	0.123712887951
30	9	0.0343954509322	0.0427300925898	0.902356212523
30	8	0.0374313619605	0.0238800717208	-1.3481488273
99	1	0.229079030135	0.383085400266	2.50107030893
5	6	0.00639011169098	0.00722635186929	0.487276482951
5	7	0.00895624690395	0.00947073732885	0.213903517224
5	4	0.00798752366675	0.00831183494343	0.151186289046
5	5	0.0063451415201	0.00495361056362	-0.816590050596
32	9	0.142517129032	0.140295805599	-0.0580420872351
32	8	0.127029690025	0.175734095508	1.42777996283
5	0	0.00615554133323	0.00552140027287	-0.383592985792
5	1	0.0114027547765	0.0165837292954	1.69190410176
32	5	0.119372507545	0.0969863970123	-0.698348895046
32	4	0.116520159365	0.14501529333	0.910684026978
32	7	0.129327590276	0.138540425505	0.26527750038
32	6	0.123790197556	0.0911805650699	-0.980974764985
32	1	0.111097893354	0.125816301841	0.493347578159
32	0	0.120877082641	0.128723845928	0.241737887317
32	3	0.127469172751	0.0898381332919	-1.09935815537
32	2	0.133684969246	0.129631851086	-0.11290286373
7	5	0.024932886318	0.0176442098516	-1.0885912165
97	8	0.223243594074	0.317312744181	1.5690497615
70	5	0.0422547923532	0.0427568378367	0.0442446563875
97	9	0.22282766204	0.316995520902	1.57363344422
76	8	0.207815923486	0.25554208379	0.855206974576
63	8	0.00311093935454	0.00305299491514	-0.0693461355021
77	5	0.222353431673	0.312163682101	1.50401750695
8	7	0.0332396830151	0.0350352636591	0.201159159272
34	7	0.182192235945	0.271163248688	1.818512811
34	6	0.184673840585	0.218046125999	0.672942911217
34	5	0.161773227091	0.184723184419	0.528290942282
34	4	0.157987130557	0.138300752235	-0.464026027633
34	3	0.14135843667	0.154937132939	0.357712885046
34	2	0.182865484778	0.161966480486	-0.425589738441
34	1	0.170110259537	0.202687384134	0.713148826083
34	0	0.195934598278	0.279910180028	1.59602430431
9	2	0.0494328917812	0.0473000630245	-0.160669981682
9	3	0.0314077499319	0.026621355102	-0.567496152946
9	0	0.0405906575286	0.0286119188916	-1.09895122757
9	1	0.0453216765738	0.0435895745853	-0.142318624105
9	6	0.0867899384608	0.162054520744	3.22937678553
9	7	0.0433482894619	0.0407447448124	-0.223659328752
34	9	0.177377608129	0.274011346702	2.02874837519
34	8	0.188950706809	0.18661928967	-0.0459482977254
36	1	0.212175305819	0.292810111096	1.41521511347
36	0	0.215481686123	0.224285587609	0.152144427408
36	3	0.207394811934	0.218418704417	0.197939426625
36	2	0.198380274951	0.21467651472	0.305904083433
36	5	0.213098666957	0.315622627871	1.79159140004
36	4	0.214374840304	0.315401020923	1.75489389504
36	7	0.203519465023	0.204571919443	0.019257178288
36	6	0.213627798325	0.291111001291	1.35065260364
36	9	0.214849378243	0.218607175758	0.0651314874352
36	8	0.212344566263	0.287294400751	1.31438539753
8	6	0.034533992301	0.0390561340909	0.487628969498
78	1	0.227498591854	0.357181218767	2.12225545773
2	5	0.00177222168667	0.00124699341731	-1.10320769086
2	4	0.00403162849271	0.00441439835293	0.353493872151
2	7	0.0029226874875	0.00358850773291	0.848145336054
2	6	0.00304795421637	0.0038710388902	1.00539349756
2	1	0.00188120081423	0.00153365451649	-0.687724999242
2	0	0.00274381347781	0.00230708873445	-0.59257319528
2	3	0.00240215620484	0.00176463435136	-0.988022080403
2	2	0.00287091173178	0.00329316835886	0.547583554701
2	9	0.00304819630518	0.0032723992482	0.273840942321
2	8	0.00292308589447	0.00386724072677	1.2025338819
6	9	0.0226392619626	0.0253451000268	0.445068665203
8	5	0.0269770848784	0.0155588302245	-1.57613837494
83	6	0.00287786034427	0.00295927058229	0.10531817608
72	0	0.127344630711	0.137719891341	0.303400673667
6	5	0.0104227548128	0.00951425721155	-0.324573298914
6	4	0.0129565429434	0.0134040149322	0.1286038633
9	8	0.0406140648757	0.0440464863416	0.314715086436
94	2	0.163175869366	0.175877357357	0.289865618178
95	8	0.165472945343	0.182414311957	0.381258445871
95	9	0.164701572068	0.180399401387	0.354927700101
95	0	0.16562402469	0.181744666662	0.362457443961
95	1	0.165262520117	0.181012296929	0.354893507327
95	2	0.16553165083	0.182429900794	0.380153236417
95	3	0.164052955216	0.181436198984	0.394588842402
95	4	0.164987163947	0.178889446135	0.313786297383
95	5	0.164002210998	0.182628342492	0.422932458065
95	6	0.163877274632	0.180643967813	0.381001558352
95	7	0.163931505111	0.182375409219	0.418975359674
93	8	0.148062617522	0.158722721327	0.268110735961
93	9	0.147421733752	0.160068498862	0.319459748575
96	1	0.207876110607	0.257906298211	0.896233679619
93	2	0.149345422363	0.163160240727	0.344470072668
93	3	0.148847421016	0.164018876749	0.379563233983
93	0	0.145445847138	0.159756628209	0.366404033789
93	1	0.14667514783	0.161288771854	0.371021949234
93	6	0.147255834457	0.160337772687	0.330824580616
93	7	0.146171120848	0.156835842609	0.271697796141
93	4	0.145905765508	0.158584717809	0.323600469473
93	5	0.145511953132	0.160278528491	0.377902110903
0	9	0.00464793413936	0.00451187765465	-0.108991863215
0	8	0.0023463014926	0.00230811452331	-0.0605900261388
53	8	0.144544612977	0.135472501183	-0.233724764782
0	3	0.00322084849804	0.00321527699889	-0.00644031626181
0	2	0.00291830192339	0.00337477403989	0.582343908208
0	1	0.00388117692856	0.00526605791923	1.3285280043
0	0	0.00536671932033	0.00741302934055	1.41973152634
0	7	0.00460347793403	0.00609128732551	1.20335949006
0	6	0.0029523236034	0.00335171249877	0.503649895344
0	5	0.0036503059159	0.00254970658051	-1.12257835319
0	4	0.00279279537467	0.00282532487198	0.0433639658717
91	4	0.0799041760364	0.0815603291295	0.0771841356647
91	5	0.0767952468476	0.0814883121531	0.227572170316
91	6	0.0818898843728	0.0820657559145	0.00799765080284
91	7	0.0773152836652	0.0781927276976	0.0422620921375
91	0	0.0806559371951	0.0837048447557	0.140768338403
84	1	0.00293556762146	0.00287307209711	-0.0792597962861
91	2	0.0792569425701	0.081829084367	0.120852209374
91	3	0.079293743352	0.0827852030261	0.16397027261
70	9	0.0386680072238	0.0388431951333	0.0168711778631
71	2	0.0831146876382	0.0867891745295	0.164632698348
91	8	0.0791053542348	0.0814213182636	0.109024206108
91	9	0.0796322478691	0.0821046735948	0.115619558193
71	3	0.0825457599608	0.0799832259306	-0.115603776668
8	9	0.0287886520526	0.0356121292146	0.882622051646
76	1	0.205456102345	0.254516645146	0.889217525829
53	0	0.148339806123	0.172753385723	0.612875085147
70	8	0.0386534020349	0.0394657211274	0.078258586918
53	1	0.138161201106	0.126712805198	-0.308572210927
51	8	0.0768766128539	0.0710568808742	-0.281906850743
99	8	0.227695748175	0.374186738649	2.3936163064
99	9	0.228746682606	0.380197446699	2.46287052623
51	9	0.0722651248344	0.0731395697101	0.04506095019
99	4	0.229066159473	0.382357305167	2.48930626247
99	5	0.22904244294	0.379300791107	2.44023097015
99	6	0.228904809983	0.382342666012	2.4934499351
99	7	0.22907124674	0.37741041677	2.40909356782
99	0	0.228462182519	0.383569710735	2.52555102427
98	7	0.227865186675	0.35620272929	2.09664309558
99	2	0.228604829519	0.385521110251	2.55368237643
8	8	0.031548367788	0.0278603741856	-0.43531593632
52	7	0.125664254447	0.142806894903	0.508000451251
52	6	0.140217681378	0.162165602828	0.582893005087
52	5	0.111597362589	0.111901107631	0.010135687621
52	4	0.105845884433	0.132797248861	0.948210251444
52	3	0.10395700412	0.106506323139	0.0913204879095
52	2	0.143635408635	0.157227595108	0.352392017372
52	1	0.121608317473	0.0983474615301	-0.712296037364
52	0	0.111651169694	0.13869441721	0.901973071819
97	6	0.223303083116	0.319029762472	1.59626802781
97	7	0.223868636194	0.319527461601	1.59108600508
97	4	0.222791062678	0.318406116171	1.59807635352
71	9	0.0891225399031	0.090194938033	0.0448090643685
97	2	0.223329083872	0.317995196859	1.578401041
97	3	0.222773108972	0.31903731345	1.6090476572
52	9	0.127932738735	0.142485153529	0.423595712952
52	8	0.145118796846	0.163905577365	0.482088781511
73	0	0.142178307964	0.153949299849	0.308303126206
98	3	0.227483506889	0.353001566969	2.05413941259
73	1	0.148153890974	0.155298665205	0.17958647015
98	2	0.227335481914	0.354822458172	2.0876377857
73	2	0.154392386882	0.173886522712	0.470193117009
51	0	0.0926641989843	0.102865480601	0.409958869524
73	3	0.144965480267	0.154102023487	0.234701319766
51	1	0.0833155433681	0.0897280207832	0.286613742991
73	4	0.155032918643	0.167395824953	0.296957842898
73	5	0.15022233994	0.16321619795	0.322108223278
66	8	0.0129191175634	0.012717290958	-0.0581731793078
98	9	0.227020182623	0.354372628696	2.08841467505
66	9	0.014315177777	0.0144467063659	0.0342139308213
98	8	0.227522244868	0.352296060447	2.04155689691
58	9	0.229308688216	0.406654954292	2.87560665847
58	8	0.228872866474	0.400873656227	2.79730382164
70	3	0.0410444686452	0.0419288673001	0.0802392676877
73	9	0.141842622964	0.155134526117	0.348962383932
58	1	0.227370242436	0.337616393693	1.80536741915
5	2	0.00664261955014	0.00504775403144	-0.894003863526
58	3	0.224840430655	0.283662206987	0.974152837062
58	2	0.227725674697	0.367599261169	2.28687977332
58	5	0.229284385254	0.406614177796	2.87816537004
58	4	0.228476263355	0.374414772745	2.37768363732
58	7	0.228281280622	0.375509098061	2.4009216514
5	3	0.00705887327341	0.006663061061	-0.208790745294
50	1	0.0395512152031	0.0338695279691	-0.534946965203
50	0	0.0490649476804	0.0508958107541	0.138956624438
50	3	0.05073039129	0.0461442578242	-0.33664595711
50	2	0.038841262705	0.0401248241297	0.123059861244
50	5	0.0318288312604	0.0398860435741	0.942660878227
50	4	0.0369437651179	0.0394304924953	0.25065693218
50	7	0.0436266302255	0.046151813233	0.215543611525
50	6	0.0424672715101	0.0472634966003	0.420570658385
50	9	0.0420877163435	0.0358598590185	-0.551032234004
50	8	0.03136637839	0.0239930363265	-0.875369143587
88	5	0.0335190372993	0.0346030665073	0.12043183454
70	4	0.0410278786638	0.0418171430719	0.0716369309991
66	3	0.0120111671984	0.0145061091581	0.773482814437
56	3	0.210478799617	0.290373466615	1.41352358142
56	2	0.210289533163	0.283397266271	1.2946114812
56	1	0.209522356302	0.266920538705	1.02014307142
56	0	0.206432630761	0.254693811714	0.87059158684
56	7	0.20589960155	0.252146687837	0.836418560109
56	6	0.20717328422	0.259358331525	0.93800789168
56	5	0.206446504653	0.228454361999	0.396976171757
56	4	0.203443067503	0.240215259574	0.673088872923
56	9	0.209150615942	0.270039803435	1.08411341296
56	8	0.212064034501	0.289000026763	1.3510012466
88	8	0.0301748381595	0.0304964261651	0.0396867685816
6	8	0.00811052783979	0.00706181124512	-0.481473208676
75	2	0.162704023846	0.184205927851	0.492126456684
88	9	0.0282577800585	0.0308655157848	0.343649482443
54	9	0.169469270562	0.189390965648	0.437757050937
54	8	0.162118159525	0.188623114017	0.60882654178
64	9	0.00289397923575	0.00297259088007	0.101131415238
54	5	0.16798722566	0.205439653109	0.830236731269
54	4	0.155827401144	0.199376624409	1.0407218888
54	7	0.16103617091	0.166164977881	0.118601784623
54	6	0.166132516594	0.196339258415	0.677091370287
54	1	0.16342318145	0.174419180265	0.250564201593
54	0	0.153582031316	0.112935536108	-0.985555456999
54	3	0.160633096398	0.192874704944	0.747446073207
54	2	0.171616632523	0.180857978559	0.200527462163
5	8	0.00314440305791	0.00220486596984	-1.11244567532
5	9	0.00591656973888	0.00686024470288	0.593883771347
98	4	0.227254171046	0.357466497494	2.13315279167
78	6	0.22562778639	0.330427860793	1.729426541
70	2	0.04078303979	0.0413598359844	0.0526667192137
75	5	0.162653097177	0.181653084691	0.434999806989
99	3	0.228774216401	0.386027168109	2.55716736251
58	0	0.228832013915	0.391692397286	2.64911491825
75	8	0.164840865172	0.17870648961	0.313236651724
75	9	0.167494104231	0.18998809059	0.500109252111
78	5	0.228473276351	0.364961084499	2.22357865756
64	5	0.00272195970979	0.00285985099201	0.188600572057
58	6	0.227634776006	0.370108289113	2.33037472802
98	6	0.226925949489	0.355509870282	2.10962567595
78	3	0.227855725367	0.364398987575	2.23083574714
78	4	0.228306840246	0.362218915165	2.18340070727
45	5	0.00765211424852	0.00705001349896	-0.292987133351
45	4	0.00646467421362	0.00476953969072	-0.976362184748
70	7	0.0403164146233	0.0424210290023	0.194394521942
94	5	0.164586480236	0.180153575931	0.352217981608
70	6	0.0372963424999	0.0384662079545	0.116805273543
98	1	0.228172126416	0.351976948986	2.01991137828
45	9	0.00626692501049	0.00546431202053	-0.476873960389
29	9	0.0293601124104	0.0205167412801	-1.12163279675
29	8	0.0377478770775	0.0321650160275	-0.550753377077
45	8	0.00720738053254	0.00795606079449	0.38679181027
29	1	0.051623334127	0.0675251845412	1.14708769762
29	0	0.0330407836632	0.0326352841097	-0.0457016370998
29	3	0.0354785418537	0.0253279270308	-1.06541540038
29	2	0.0425569948698	0.0568239269893	1.24839894983
29	5	0.0296917892692	0.030340959332	0.0814165698831
29	4	0.0271489923419	0.0264276273215	-0.0989443630904
29	7	0.0269865273757	0.0219582017129	-0.693850680465
29	6	0.0531727013057	0.0563228275636	0.220614703352
70	1	0.0414758881066	0.0409080127612	-0.0509859972847
98	0	0.22744910481	0.355352839332	2.09344095208
70	0	0.0386105656152	0.0387946963732	0.0177587842811
78	2	0.228123325722	0.357236461299	2.10680025672
27	3	0.0258369504103	0.0184983042086	-1.05770326547
27	2	0.0242479521612	0.0260801462914	0.281374530634
27	1	0.018670510718	0.0268178673951	1.6249690487
27	0	0.0128625653232	0.00801319193119	-1.40389672822
27	7	0.0124724955234	0.00943867361854	-0.905759922325
27	6	0.0204768557982	0.0211735356846	0.126693990208
27	5	0.0195670634015	0.0181479925026	-0.270062167266
27	4	0.0326572321482	0.0492837033032	1.89588657607
27	9	0.0262592710601	0.0203912733598	-0.832140391268
27	8	0.0208113074018	0.023310685681	0.447217602235
8	1	0.0295333041997	0.0358144515186	0.791986100231
96	9	0.206312566419	0.255732994899	0.892020618472
96	8	0.207740162769	0.255631412216	0.858478206401
94	1	0.163102870348	0.183719186189	0.470703592901
94	0	0.167956481693	0.180883186194	0.286608494215
94	3	0.164025159471	0.183341915725	0.438552758565
8	0	0.0217922568429	0.0235069072586	0.292995062887
25	9	0.00372351745285	0.00279373724105	-0.929705162046
25	8	0.00554319306214	0.0042791022547	-0.849109643614
94	7	0.16505530137	0.181560302916	0.372378148095
94	6	0.166023369078	0.180758931979	0.33051829112
25	5	0.00488034703446	0.00303414756881	-1.4085292424
25	4	0.00488956848447	0.00462722453974	-0.199773824988
25	7	0.00841266134208	0.00909077732059	0.300147710411
25	6	0.00915722423809	0.0113180466256	0.878663654877
25	1	0.00788288103193	0.0054879655209	-1.13127249607
25	0	0.00766153457955	0.00711920414956	-0.263577953587
25	3	0.00678807576932	0.00804700996791	0.690576902075
25	2	0.00617588664284	0.00432944895827	-1.11323419481
92	3	0.121567643243	0.126709070046	0.157493905783
92	2	0.121709033185	0.125148276276	0.105229656949
92	1	0.120561658382	0.125158003241	0.141971601616
92	0	0.122487074922	0.126299645608	0.115911290822
92	7	0.121501655838	0.128950623878	0.228303197439
69	5	0.0385492087547	0.0386164108948	0.0064917337047
92	5	0.123318559015	0.127543500761	0.12758229138
92	4	0.122501260051	0.126613976241	0.125021958048
92	9	0.119562578724	0.129686020266	0.315305083663
8	4	0.0239509739698	0.0185027382034	-0.847073119738
47	5	0.0237489235838	0.0233961502897	-0.0553146105977
90	9	0.0405681146778	0.0413768265179	0.0742339226008
90	8	0.0421860022572	0.0416013806026	-0.0516060057065
47	4	0.0244223341401	0.0227201863438	-0.259536559184
90	5	0.0402821214951	0.0399742434607	-0.0284616287532
90	4	0.040833830172	0.0401895782214	-0.0587528726193
90	7	0.0412421026452	0.0420011081394	0.0685326738431
78	0	0.227298173796	0.367868825609	2.30217976677
90	1	0.0411068965852	0.0411158120651	0.000807650685935
47	7	0.0130284172938	0.0121740480342	-0.244191969646
90	3	0.0410646350496	0.0413555836141	0.0263840690562
90	2	0.0401213956055	0.0411781518582	0.0980826390138
47	6	0.0250416471145	0.0294039227454	0.648692653665
47	1	0.0183939050928	0.0183421204685	-0.0104836188659
47	0	0.0181519586883	0.0191074839335	0.196021082451
47	3	0.0291313713234	0.0340582200854	0.629794379957
47	2	0.0223489440719	0.0223752162029	0.00437749419685
23	7	0.00301926559233	0.00308862603832	0.0855282514054
23	6	0.0036702886099	0.00531640103364	1.66984598339
23	5	0.00229433160835	0.0020287846235	-0.430875675625
23	4	0.0026460969249	0.00266709147789	0.0295383020157
23	3	0.00353635476558	0.00355185691775	0.0163211263153
23	2	0.00276791938265	0.00209266093797	-0.908251985476
23	1	0.00378917512337	0.00571330577516	1.89064353503
23	0	0.00293189804957	0.00280884119732	-0.156261838602
53	6	0.139446180526	0.128307990558	-0.29744470536
53	7	0.141367977876	0.159402437095	0.475062093044
53	4	0.153263141776	0.177447995168	0.587630074378
53	5	0.149109948496	0.189365139727	1.005341199
53	2	0.150685215203	0.17118718715	0.506667744495
53	3	0.13893340776	0.144346179273	0.145081225872
23	9	0.00478067600375	0.00378726024903	-0.773710287519
23	8	0.00308314055726	0.00297729176467	-0.12781850505
21	1	0.00314520943862	0.00329376063751	0.175844874057
21	0	0.00369053421505	0.00284576247004	-0.852251439441
21	3	0.00296612922461	0.00332707454338	0.453052521978
21	2	0.00219593303514	0.00211477591807	-0.137584114525
21	5	0.00356236220876	0.00267928101182	-0.922947834883
21	4	0.00178347916054	0.00140596470478	-0.787941326847
21	7	0.00249158473998	0.00192231444645	-0.850590017609
21	6	0.00326983932023	0.00184662032406	-1.62051171752
21	9	0.00311967848495	0.0032767519995	0.187454315994
21	8	0.00191981487945	0.00170898010993	-0.408811851554
51	2	0.0657313202825	0.0495814322038	-0.914941688722
51	3	0.0964864530106	0.107835838246	0.438029756402
51	4	0.0901319702175	0.108173774825	0.745415734215
51	5	0.0833166958324	0.0884944154403	0.231421484041
51	6	0.090267866852	0.0793875807318	-0.448853422149
51	7	0.0852744697356	0.0790652450077	-0.271153757491
79	3	0.229307166496	0.380188906149	2.4455514557
74	3	0.162929561335	0.175577759749	0.289085858747
76	2	0.208797099297	0.25905667126	0.896370934328
74	2	0.168165242578	0.177989274727	0.217546212657
69	1	0.0389937495122	0.0412162649527	0.212247655135
74	0	0.168010304517	0.189577653391	0.478034000582
74	7	0.165618285759	0.180799371399	0.341344253333
74	6	0.162110276061	0.175474687208	0.306999318353
59	0	0.229885130369	0.399606804845	2.74143434737
59	1	0.228701533119	0.340031700184	1.8118454226
59	2	0.229698383715	0.378960624323	2.41684437715
59	3	0.229022984152	0.412152851914	2.97523273418
59	4	0.229324434929	0.407112102305	2.87620061158
59	5	0.229501604959	0.402895848632	2.81062125342
59	6	0.229182976641	0.370903132847	2.30131811985
59	7	0.229885130369	0.414113283729	2.9700967981
59	8	0.228845916122	0.342418759579	1.8467672989
59	9	0.229500063148	0.401338971106	2.78469753103
67	8	0.0242365279942	0.026285680307	0.314841658488
79	1	0.22969731572	0.392532541558	2.63661062493
